11
  0      FNT      21      41      73     135    45.0000
  1      XFD       2       5      73      80    26.6667
  2      SGF      34      21      45     100    33.3333
  3      VJQ      75      99      30     204    68.0000
  4      YPV      17      63      39     119    39.6667
  5      TWA      60      51      89     200    66.6667
  6      RRM      31      53      31     115    38.3333
  7      PDI      16      20      34      70    23.3333
  8      AMH      22      41       5      68    22.6667
  9      PMO      20      19      73     112    37.3333
 10      123     123     123     123     369   123.0000